x error
0 0.000284548
0.001 0.000284263
0.002 0.000283979
0.003 0.000283696
0.004 0.000283415
0.005 0.000283135
0.006 0.000282855
0.007 0.000282577
0.008 0.0002823
0.009 0.000282024
0.01 0.000281749
0.011 0.000281475
0.012 0.000281202
0.013 0.000280931
0.014 0.00028066
0.015 0.000280391
0.016 0.000280122
0.017 0.000279855
0.018 0.000279589
0.019 0.000279323
0.02 0.000279059
0.021 0.000278796
0.022 0.000278535
0.023 0.000278274
0.024 0.000278014
0.025 0.000277755
0.026 0.000277498
0.027 0.000277241
0.028 0.000276986
0.029 0.000276731
0.03 0.000276478
0.031 0.000276226
0.032 0.000275975
0.033 0.000275725
0.034 0.000275476
0.035 0.000275228
0.036 0.000274981
0.037 0.000274735
0.038 0.00027449
0.039 0.000274246
0.04 0.000274004
0.041 0.000273762
0.042 0.000273522
0.043 0.000273282
0.044 0.000273044
0.045 0.000272807
0.046 0.00027257
0.047 0.000272335
0.048 0.000272101
0.049 0.000271868
0.05 0.000271636
0.051 0.000271405
0.052 0.000271175
0.053 0.000270946
0.054 0.000270718
0.055 0.000270491
0.056 0.000270265
0.057 0.000270041
0.058 0.000269817
0.059 0.000269594
0.06 0.000269373
0.061 0.000269152
0.062 0.000268933
0.063 0.000268714
0.064 0.000268497
0.065 0.00026828
0.066 0.000268065
0.067 0.00026785
0.068 0.000267637
0.069 0.000267425
0.07 0.000267214
0.071 0.000267003
0.072 0.000266794
0.073 0.000266586
0.074 0.000266379
0.075 0.000266173
0.076 0.000265968
0.077 0.000265764
0.078 0.000265561
0.079 0.000265359
0.08 0.000265158
0.081 0.000264958
0.082 0.000264759
0.083 0.000264561
0.084 0.000264364
0.085 0.000264168
0.086 0.000263973
0.087 0.000263779
0.088 0.000263587
0.089 0.000263395
0.09 0.000263204
0.091 0.000263014
0.092 0.000262825
0.093 0.000262638
0.094 0.000262451
0.095 0.000262265
0.096 0.00026208
0.097 0.000261897
0.098 0.000261714
0.099 0.000261532
0.1 0.000261351
0.101 0.000261172
0.102 0.000260993
0.103 0.000260815
0.104 0.000260638
0.105 0.000260463
0.106 0.000260288
0.107 0.000260114
0.108 0.000259942
0.109 0.00025977
0.11 0.000259599
0.111 0.000259429
0.112 0.000259261
0.113 0.000259093
0.114 0.000258926
0.115 0.00025876
0.116 0.000258595
0.117 0.000258432
0.118 0.000258269
0.119 0.000258107
0.12 0.000257946
0.121 0.000257786
0.122 0.000257627
0.123 0.000257469
0.124 0.000257312
0.125 0.000257157
0.126 0.000257002
0.127 0.000256848
0.128 0.000256695
0.129 0.000256543
0.13 0.000256392
0.131 0.000256241
0.132 0.000256092
0.133 0.000255944
0.134 0.000255797
0.135 0.000255651
0.136 0.000255506
0.137 0.000255362
0.138 0.000255218
0.139 0.000255076
0.14 0.000254935
0.141 0.000254794
0.142 0.000254655
0.143 0.000254516
0.144 0.000254379
0.145 0.000254243
0.146 0.000254107
0.147 0.000253972
0.148 0.000253839
0.149 0.000253706
0.15 0.000253574
0.151 0.000253444
0.152 0.000253314
0.153 0.000253185
0.154 0.000253057
0.155 0.00025293
0.156 0.000252805
0.157 0.00025268
0.158 0.000252555
0.159 0.000252432
0.16 0.00025231
0.161 0.000252189
0.162 0.000252069
0.163 0.00025195
0.164 0.000251831
0.165 0.000251714
0.166 0.000251597
0.167 0.000251482
0.168 0.000251367
0.169 0.000251254
0.17 0.000251141
0.171 0.000251029
0.172 0.000250919
0.173 0.000250809
0.174 0.0002507
0.175 0.000250592
0.176 0.000250485
0.177 0.000250379
0.178 0.000250274
0.179 0.00025017
0.18 0.000250066
0.181 0.000249964
0.182 0.000249863
0.183 0.000249762
0.184 0.000249663
0.185 0.000249564
0.186 0.000249466
0.187 0.00024937
0.188 0.000249274
0.189 0.000249179
0.19 0.000249085
0.191 0.000248992
0.192 0.0002489
0.193 0.000248809
0.194 0.000248718
0.195 0.000248629
0.196 0.000248541
0.197 0.000248453
0.198 0.000248367
0.199 0.000248281
0.2 0.000248196
0.201 0.000248113
0.202 0.00024803
0.203 0.000247948
0.204 0.000247867
0.205 0.000247787
0.206 0.000247707
0.207 0.000247629
0.208 0.000247552
0.209 0.000247475
0.21 0.0002474
0.211 0.000247325
0.212 0.000247252
0.213 0.000247179
0.214 0.000247107
0.215 0.000247036
0.216 0.000246966
0.217 0.000246897
0.218 0.000246828
0.219 0.000246761
0.22 0.000246695
0.221 0.000246629
0.222 0.000246564
0.223 0.000246501
0.224 0.000246438
0.225 0.000246376
0.226 0.000246315
0.227 0.000246255
0.228 0.000246196
0.229 0.000246137
0.23 0.00024608
0.231 0.000246023
0.232 0.000245968
0.233 0.000245913
0.234 0.000245859
0.235 0.000245806
0.236 0.000245754
0.237 0.000245703
0.238 0.000245653
0.239 0.000245603
0.24 0.000245555
0.241 0.000245507
0.242 0.000245461
0.243 0.000245415
0.244 0.00024537
0.245 0.000245326
0.246 0.000245283
0.247 0.000245241
0.248 0.000245199
0.249 0.000245159
0.25 0.000245119
0.251 0.000245081
0.252 0.000245043
0.253 0.000245006
0.254 0.00024497
0.255 0.000244935
0.256 0.0002449
0.257 0.000244867
0.258 0.000244834
0.259 0.000244803
0.26 0.000244772
0.261 0.000244742
0.262 0.000244713
0.263 0.000244685
0.264 0.000244658
0.265 0.000244631
0.266 0.000244606
0.267 0.000244581
0.268 0.000244558
0.269 0.000244535
0.27 0.000244513
0.271 0.000244492
0.272 0.000244471
0.273 0.000244452
0.274 0.000244433
0.275 0.000244416
0.276 0.000244399
0.277 0.000244383
0.278 0.000244368
0.279 0.000244354
0.28 0.00024434
0.281 0.000244328
0.282 0.000244316
0.283 0.000244306
0.284 0.000244296
0.285 0.000244287
0.286 0.000244279
0.287 0.000244272
0.288 0.000244265
0.289 0.00024426
0.29 0.000244255
0.291 0.000244251
0.292 0.000244248
0.293 0.000244246
0.294 0.000244245
0.295 0.000244244
0.296 0.000244245
0.297 0.000244246
0.298 0.000244248
0.299 0.000244251
0.3 0.000244255
0.301 0.00024426
0.302 0.000244266
0.303 0.000244272
0.304 0.000244279
0.305 0.000244288
0.306 0.000244297
0.307 0.000244306
0.308 0.000244317
0.309 0.000244329
0.31 0.000244341
0.311 0.000244354
0.312 0.000244368
0.313 0.000244383
0.314 0.000244399
0.315 0.000244416
0.316 0.000244433
0.317 0.000244452
0.318 0.000244471
0.319 0.000244491
0.32 0.000244512
0.321 0.000244533
0.322 0.000244556
0.323 0.000244579
0.324 0.000244604
0.325 0.000244629
0.326 0.000244655
0.327 0.000244681
0.328 0.000244709
0.329 0.000244737
0.33 0.000244767
0.331 0.000244797
0.332 0.000244828
0.333 0.000244859
0.334 0.000244892
0.335 0.000244925
0.336 0.00024496
0.337 0.000244995
0.338 0.000245031
0.339 0.000245067
0.34 0.000245105
0.341 0.000245143
0.342 0.000245183
0.343 0.000245223
0.344 0.000245264
0.345 0.000245306
0.346 0.000245348
0.347 0.000245392
0.348 0.000245436
0.349 0.000245481
0.35 0.000245527
0.351 0.000245573
0.352 0.000245621
0.353 0.000245669
0.354 0.000245719
0.355 0.000245769
0.356 0.000245819
0.357 0.000245871
0.358 0.000245924
0.359 0.000245977
0.36 0.000246031
0.361 0.000246086
0.362 0.000246142
0.363 0.000246198
0.364 0.000246256
0.365 0.000246314
0.366 0.000246373
0.367 0.000246433
0.368 0.000246494
0.369 0.000246555
0.37 0.000246618
0.371 0.000246681
0.372 0.000246745
0.373 0.00024681
0.374 0.000246875
0.375 0.000246942
0.376 0.000247009
0.377 0.000247077
0.378 0.000247146
0.379 0.000247215
0.38 0.000247286
0.381 0.000247357
0.382 0.000247429
0.383 0.000247502
0.384 0.000247576
0.385 0.00024765
0.386 0.000247726
0.387 0.000247802
0.388 0.000247879
0.389 0.000247957
0.39 0.000248035
0.391 0.000248114
0.392 0.000248195
0.393 0.000248276
0.394 0.000248357
0.395 0.00024844
0.396 0.000248523
0.397 0.000248608
0.398 0.000248693
0.399 0.000248779
0.4 0.000248865
0.401 0.000248953
0.402 0.000249041
0.403 0.00024913
0.404 0.00024922
0.405 0.00024931
0.406 0.000249402
0.407 0.000249494
0.408 0.000249587
0.409 0.000249681
0.41 0.000249775
0.411 0.000249871
0.412 0.000249967
0.413 0.000250064
0.414 0.000250162
0.415 0.000250261
0.416 0.00025036
0.417 0.00025046
0.418 0.000250561
0.419 0.000250663
0.42 0.000250766
0.421 0.000250869
0.422 0.000250973
0.423 0.000251078
0.424 0.000251184
0.425 0.00025129
0.426 0.000251398
0.427 0.000251506
0.428 0.000251615
0.429 0.000251725
0.43 0.000251835
0.431 0.000251946
0.432 0.000252059
0.433 0.000252171
0.434 0.000252285
0.435 0.0002524
0.436 0.000252515
0.437 0.000252631
0.438 0.000252748
0.439 0.000252865
0.44 0.000252984
0.441 0.000253103
0.442 0.000253223
0.443 0.000253344
0.444 0.000253465
0.445 0.000253587
0.446 0.000253711
0.447 0.000253834
0.448 0.000253959
0.449 0.000254085
0.45 0.000254211
0.451 0.000254338
0.452 0.000254466
0.453 0.000254594
0.454 0.000254724
0.455 0.000254854
0.456 0.000254985
0.457 0.000255116
0.458 0.000255249
0.459 0.000255382
0.46 0.000255516
0.461 0.000255651
0.462 0.000255787
0.463 0.000255923
0.464 0.00025606
0.465 0.000256198
0.466 0.000256337
0.467 0.000256476
0.468 0.000256617
0.469 0.000256758
0.47 0.000256899
0.471 0.000257042
0.472 0.000257185
0.473 0.00025733
0.474 0.000257474
0.475 0.00025762
0.476 0.000257767
0.477 0.000257914
0.478 0.000258062
0.479 0.000258211
0.48 0.00025836
0.481 0.00025851
0.482 0.000258662
0.483 0.000258813
0.484 0.000258966
0.485 0.000259119
0.486 0.000259274
0.487 0.000259429
0.488 0.000259584
0.489 0.000259741
0.49 0.000259898
0.491 0.000260056
0.492 0.000260215
0.493 0.000260374
0.494 0.000260535
0.495 0.000260696
0.496 0.000260858
0.497 0.00026102
0.498 0.000261184
0.499 0.000261348
0.5 0.000261513
0.501 0.000261678
0.502 0.000261845
0.503 0.000262012
0.504 0.00026218
0.505 0.000262349
0.506 0.000262518
0.507 0.000262689
0.508 0.00026286
0.509 0.000263031
0.51 0.000263204
0.511 0.000263377
0.512 0.000263551
0.513 0.000263726
0.514 0.000263902
0.515 0.000264078
0.516 0.000264255
0.517 0.000264433
0.518 0.000264612
0.519 0.000264791
0.52 0.000264971
0.521 0.000265152
0.522 0.000265334
0.523 0.000265516
0.524 0.0002657
0.525 0.000265883
0.526 0.000266068
0.527 0.000266254
0.528 0.00026644
0.529 0.000266627
0.53 0.000266815
0.531 0.000267003
0.532 0.000267192
0.533 0.000267382
0.534 0.000267573
0.535 0.000267765
0.536 0.000267957
0.537 0.00026815
0.538 0.000268344
0.539 0.000268538
0.54 0.000268734
0.541 0.00026893
0.542 0.000269126
0.543 0.000269324
0.544 0.000269522
0.545 0.000269721
0.546 0.000269921
0.547 0.000270122
0.548 0.000270323
0.549 0.000270525
0.55 0.000270728
0.551 0.000270931
0.552 0.000271136
0.553 0.000271341
0.554 0.000271547
0.555 0.000271753
0.556 0.00027196
0.557 0.000272168
0.558 0.000272377
0.559 0.000272587
0.56 0.000272797
0.561 0.000273008
0.562 0.00027322
0.563 0.000273433
0.564 0.000273646
0.565 0.00027386
0.566 0.000274075
0.567 0.00027429
0.568 0.000274507
0.569 0.000274724
0.57 0.000274941
0.571 0.00027516
0.572 0.000275379
0.573 0.000275599
0.574 0.00027582
0.575 0.000276041
0.576 0.000276264
0.577 0.000276487
0.578 0.00027671
0.579 0.000276935
0.58 0.00027716
0.581 0.000277386
0.582 0.000277613
0.583 0.00027784
0.584 0.000278069
0.585 0.000278297
0.586 0.000278527
0.587 0.000278758
0.588 0.000278989
0.589 0.000279221
0.59 0.000279453
0.591 0.000279687
0.592 0.000279921
0.593 0.000280156
0.594 0.000280391
0.595 0.000280628
0.596 0.000280865
0.597 0.000281103
0.598 0.000281341
0.599 0.000281581
0.6 0.000281821
0.601 0.000282062
0.602 0.000282303
0.603 0.000282545
0.604 0.000282788
0.605 0.000283032
0.606 0.000283277
0.607 0.000283522
0.608 0.000283768
0.609 0.000284015
0.61 0.000284262
0.611 0.00028451
0.612 0.000284759
0.613 0.000285009
0.614 0.000285259
0.615 0.000285511
0.616 0.000285762
0.617 0.000286015
0.618 0.000286268
0.619 0.000286523
0.62 0.000286777
0.621 0.000287033
0.622 0.000287289
0.623 0.000287546
0.624 0.000287804
0.625 0.000288063
0.626 0.000288322
0.627 0.000288582
0.628 0.000288842
0.629 0.000289104
0.63 0.000289366
0.631 0.000289629
0.632 0.000289893
0.633 0.000290157
0.634 0.000290422
0.635 0.000290688
0.636 0.000290955
0.637 0.000291222
0.638 0.00029149
0.639 0.000291759
0.64 0.000292028
0.641 0.000292299
0.642 0.00029257
0.643 0.000292841
0.644 0.000293114
0.645 0.000293387
0.646 0.000293661
0.647 0.000293936
0.648 0.000294211
0.649 0.000294487
0.65 0.000294764
0.651 0.000295042
0.652 0.00029532
0.653 0.000295599
0.654 0.000295879
0.655 0.000296159
0.656 0.00029644
0.657 0.000296722
0.658 0.000297005
0.659 0.000297289
0.66 0.000297573
0.661 0.000297858
0.662 0.000298143
0.663 0.00029843
0.664 0.000298717
0.665 0.000299004
0.666 0.000299293
0.667 0.000299582
0.668 0.000299872
0.669 0.000300163
0.67 0.000300454
0.671 0.000300747
0.672 0.00030104
0.673 0.000301333
0.674 0.000301628
0.675 0.000301923
0.676 0.000302218
0.677 0.000302515
0.678 0.000302812
0.679 0.00030311
0.68 0.000303409
0.681 0.000303709
0.682 0.000304009
0.683 0.00030431
0.684 0.000304611
0.685 0.000304914
0.686 0.000305217
0.687 0.000305521
0.688 0.000305825
0.689 0.000306131
0.69 0.000306437
0.691 0.000306743
0.692 0.000307051
0.693 0.000307359
0.694 0.000307668
0.695 0.000307978
0.696 0.000308288
0.697 0.000308599
0.698 0.000308911
0.699 0.000309223
0.7 0.000309537
0.701 0.000309851
0.702 0.000310165
0.703 0.000310481
0.704 0.000310797
0.705 0.000311114
0.706 0.000311432
0.707 0.00031175
0.708 0.000312069
0.709 0.000312389
0.71 0.000312709
0.711 0.000313031
0.712 0.000313353
0.713 0.000313675
0.714 0.000313999
0.715 0.000314323
0.716 0.000314648
0.717 0.000314974
0.718 0.0003153
0.719 0.000315627
0.72 0.000315955
0.721 0.000316283
0.722 0.000316613
0.723 0.000316943
0.724 0.000317273
0.725 0.000317605
0.726 0.000317937
0.727 0.00031827
0.728 0.000318603
0.729 0.000318938
0.73 0.000319273
0.731 0.000319608
0.732 0.000319945
0.733 0.000320282
0.734 0.00032062
0.735 0.000320959
0.736 0.000321298
0.737 0.000321638
0.738 0.000321979
0.739 0.00032232
0.74 0.000322663
0.741 0.000323006
0.742 0.000323349
0.743 0.000323694
0.744 0.000324039
0.745 0.000324385
0.746 0.000324732
0.747 0.000325079
0.748 0.000325427
0.749 0.000325776
0.75 0.000326125
0.751 0.000326476
0.752 0.000326827
0.753 0.000327178
0.754 0.000327531
0.755 0.000327884
0.756 0.000328238
0.757 0.000328592
0.758 0.000328947
0.759 0.000329304
0.76 0.00032966
0.761 0.000330018
0.762 0.000330376
0.763 0.000330735
0.764 0.000331094
0.765 0.000331455
0.766 0.000331816
0.767 0.000332178
0.768 0.00033254
0.769 0.000332904
0.77 0.000333267
0.771 0.000333632
0.772 0.000333998
0.773 0.000334364
0.774 0.000334731
0.775 0.000335098
0.776 0.000335467
0.777 0.000335836
0.778 0.000336205
0.779 0.000336576
0.78 0.000336947
0.781 0.000337319
0.782 0.000337692
0.783 0.000338065
0.784 0.000338439
0.785 0.000338814
0.786 0.000339189
0.787 0.000339566
0.788 0.000339943
0.789 0.00034032
0.79 0.000340699
0.791 0.000341078
0.792 0.000341458
0.793 0.000341838
0.794 0.00034222
0.795 0.000342602
0.796 0.000342985
0.797 0.000343368
0.798 0.000343752
0.799 0.000344137
0.8 0.000344523
0.801 0.000344909
0.802 0.000345296
0.803 0.000345684
0.804 0.000346073
0.805 0.000346462
0.806 0.000346852
0.807 0.000347243
0.808 0.000347634
0.809 0.000348026
0.81 0.000348419
0.811 0.000348813
0.812 0.000349207
0.813 0.000349602
0.814 0.000349998
0.815 0.000350395
0.816 0.000350792
0.817 0.00035119
0.818 0.000351589
0.819 0.000351988
0.82 0.000352388
0.821 0.000352789
0.822 0.000353191
0.823 0.000353593
0.824 0.000353996
0.825 0.0003544
0.826 0.000354804
0.827 0.000355209
0.828 0.000355615
0.829 0.000356022
0.83 0.000356429
0.831 0.000356837
0.832 0.000357246
0.833 0.000357656
0.834 0.000358066
0.835 0.000358477
0.836 0.000358889
0.837 0.000359301
0.838 0.000359714
0.839 0.000360128
0.84 0.000360543
0.841 0.000360958
0.842 0.000361374
0.843 0.000361791
0.844 0.000362209
0.845 0.000362627
0.846 0.000363046
0.847 0.000363466
0.848 0.000363886
0.849 0.000364307
0.85 0.000364729
0.851 0.000365152
0.852 0.000365575
0.853 0.000365999
0.854 0.000366424
0.855 0.000366849
0.856 0.000367276
0.857 0.000367703
0.858 0.00036813
0.859 0.000368559
0.86 0.000368988
0.861 0.000369418
0.862 0.000369848
0.863 0.000370279
0.864 0.000370712
0.865 0.000371144
0.866 0.000371578
0.867 0.000372012
0.868 0.000372447
0.869 0.000372883
0.87 0.000373319
0.871 0.000373756
0.872 0.000374194
0.873 0.000374633
0.874 0.000375072
0.875 0.000375512
0.876 0.000375953
0.877 0.000376394
0.878 0.000376836
0.879 0.000377279
0.88 0.000377723
0.881 0.000378167
0.882 0.000378613
0.883 0.000379058
0.884 0.000379505
0.885 0.000379952
0.886 0.0003804
0.887 0.000380849
0.888 0.000381299
0.889 0.000381749
0.89 0.0003822
0.891 0.000382652
0.892 0.000383104
0.893 0.000383557
0.894 0.000384011
0.895 0.000384466
0.896 0.000384921
0.897 0.000385377
0.898 0.000385834
0.899 0.000386291
0.9 0.00038675
0.901 0.000387209
0.902 0.000387668
0.903 0.000388129
0.904 0.00038859
0.905 0.000389052
0.906 0.000389515
0.907 0.000389978
0.908 0.000390442
0.909 0.000390907
0.91 0.000391372
0.911 0.000391839
0.912 0.000392306
0.913 0.000392774
0.914 0.000393242
0.915 0.000393711
0.916 0.000394181
0.917 0.000394652
0.918 0.000395123
0.919 0.000395596
0.92 0.000396068
0.921 0.000396542
0.922 0.000397016
0.923 0.000397492
0.924 0.000397967
0.925 0.000398444
0.926 0.000398921
0.927 0.000399399
0.928 0.000399878
0.929 0.000400358
0.93 0.000400838
0.931 0.000401319
0.932 0.0004018
0.933 0.000402283
0.934 0.000402766
0.935 0.00040325
0.936 0.000403735
0.937 0.00040422
0.938 0.000404706
0.939 0.000405193
0.94 0.000405681
0.941 0.000406169
0.942 0.000406658
0.943 0.000407148
0.944 0.000407638
0.945 0.00040813
0.946 0.000408622
0.947 0.000409114
0.948 0.000409608
0.949 0.000410102
0.95 0.000410597
0.951 0.000411093
0.952 0.000411589
0.953 0.000412086
0.954 0.000412584
0.955 0.000413083
0.956 0.000413582
0.957 0.000414082
0.958 0.000414583
0.959 0.000415085
0.96 0.000415587
0.961 0.00041609
0.962 0.000416594
0.963 0.000417099
0.964 0.000417604
0.965 0.00041811
0.966 0.000418617
0.967 0.000419124
0.968 0.000419632
0.969 0.000420141
0.97 0.000420651
0.971 0.000421162
0.972 0.000421673
0.973 0.000422185
0.974 0.000422698
0.975 0.000423211
0.976 0.000423725
0.977 0.00042424
0.978 0.000424756
0.979 0.000425272
0.98 0.000425789
0.981 0.000426307
0.982 0.000426826
0.983 0.000427345
0.984 0.000427866
0.985 0.000428386
0.986 0.000428908
0.987 0.00042943
0.988 0.000429954
0.989 0.000430477
0.99 0.000431002
0.991 0.000431527
0.992 0.000432054
0.993 0.00043258
0.994 0.000433108
0.995 0.000433636
0.996 0.000434165
0.997 0.000434695
0.998 0.000435226
0.999 0.000435757
1 0.000436289
