0 0 0 0 0 0 0 0 0 0 
0.223987 0.198844 0.19265 0.200213 0.216658 0.23707 0.256221 0.268461 0.267771 0.247942 
0.774981 0.688586 0.646037 0.633628 0.637726 0.645931 0.648081 0.636591 0.60619 0.553336 
1.89413 1.68335 1.53813 1.43956 1.3684 1.30863 1.2485 1.17992 1.09723 0.996182 
5.99929 5.33235 4.7468 4.24887 3.83004 3.47454 3.16537 2.88716 2.62694 2.37394 
0.614564 0.546678 0.458634 0.356272 0.248171 0.144085 0.0534855 0.0152828 0.0552245 0.0605393 
0.241685 0.214386 0.30223 0.485068 0.695062 0.866449 0.97139 1.00747 0.979942 0.894059 
3.11905 2.77199 2.65364 2.63391 2.61191 2.55405 2.45779 2.32565 2.15877 1.95643 
30.1991 26.8431 23.7596 21.1468 18.9607 17.0932 15.4561 13.9881 12.6458 11.3963 
1.61789 1.4375 1.27871 1.1423 1.02689 0.929942 0.848539 0.779518 0.719417 0.664378 
