0.000000 0.111340 0.224056 0.339541 0.459222 0.584578 0.717158 0.858602 1.010657 1.175201
0.223987 0.323268 0.443037 0.579656 0.729847 0.890346 1.057659 1.227965 1.397199 1.561252
0.774981 0.827633 0.925849 1.057663 1.211224 1.375981 1.543703 1.708855 1.868347 2.020985
1.894127 1.838737 1.850830 1.913426 2.009295 2.124475 2.249378 2.378191 2.507712 2.636307
5.999295 5.505998 5.096240 4.778422 4.546250 4.386266 4.283869 4.226252 4.203185 4.206816
-0.614564 -0.352622 -0.068125 0.235516 0.552211 0.874781 1.196456 1.511748 1.816707 2.108808
0.241685 0.431246 0.738631 1.146403 1.589503 2.005051 2.368224 2.679798 2.948432 3.183038
3.119052 3.014338 3.141330 3.372967 3.611467 3.826461 4.018776 4.194506 4.358594 4.514404
30.199096 27.113910 24.304565 21.972672 20.077768 18.515147 17.200521 16.076613 15.104146 14.254933
1.617888 1.740154 1.887756 2.065268 2.275182 2.518989 2.797978 3.113440 3.466667 3.858906
