0.000000 0.000000 0.000000 0.000000 0.000000 0.000000 0.000000 0.000000 0.000000 0.000000
0.223987 0.198844 0.192650 0.200213 0.216658 0.237070 0.256221 0.268461 0.267771 0.247942
0.774981 0.688586 0.646037 0.633628 0.637726 0.645931 0.648081 0.636591 0.606190 0.553336
1.894127 1.683349 1.538135 1.439559 1.368399 1.308631 1.248503 1.179916 1.097227 0.996182
5.999295 5.332349 4.746797 4.248867 3.830038 3.474545 3.165372 2.887156 2.626941 2.373944
0.614564 0.546678 0.458634 0.356272 0.248171 0.144085 0.053486 0.015283 0.055225 0.060539
0.241685 0.214386 0.302230 0.485068 0.695062 0.866449 0.971390 1.007470 0.979942 0.894059
3.119052 2.771993 2.653644 2.633913 2.611912 2.554051 2.457787 2.325647 2.158768 1.956426
30.199096 26.843084 23.759566 21.146765 18.960746 17.093205 15.456087 13.988128 12.645799 11.396344
1.617888 1.437501 1.278709 1.142301 1.026888 0.929942 0.848539 0.779518 0.719417 0.664378
