0 0.223987 0.774981 1.89413 5.99929 -0.614564 0.241685 3.11905 30.1991 1.61789 
0.11134 0.323268 0.827633 1.83874 5.506 -0.352622 0.431246 3.01434 27.1139 1.74015 
0.224056 0.443037 0.925849 1.85083 5.09624 -0.0681253 0.738631 3.14133 24.3046 1.88776 
0.339541 0.579656 1.05766 1.91343 4.77842 0.235516 1.1464 3.37297 21.9727 2.06527 
0.459222 0.729847 1.21122 2.00929 4.54625 0.552211 1.5895 3.61147 20.0778 2.27518 
0.584578 0.890346 1.37598 2.12447 4.38627 0.874781 2.00505 3.82646 18.5151 2.51899 
0.717158 1.05766 1.5437 2.24938 4.28387 1.19646 2.36822 4.01878 17.2005 2.79798 
0.858602 1.22797 1.70886 2.37819 4.22625 1.51175 2.6798 4.19451 16.0766 3.11344 
1.01066 1.3972 1.86835 2.50771 4.20318 1.81671 2.94843 4.35859 15.1041 3.46667 
1.1752 1.56125 2.02098 2.63631 4.20682 2.10881 3.18304 4.5144 14.2549 3.85891 
